0,453
0,386
57,2
57,4
57,1
57,3
51,4
51,1
51,3
0,273
0,270
3,1
3,3
10,286
10,219
10,79
10,88
10,142
10,263
10,292
10,311
9,7
9,6
9,1
9,4
8,14
8,11
8,12
20,3
20,2
20,1
19,3
19,2
19,1
12,3
12,2
12,1
11,30
11,29
11,28
11,27
11,26
11,25
11,24
11,23
18,1
11,22
18,3
11,21
11,20
11,19
11,18
11,17
11,16
11,15
11,14
14,1
11,13
14,3
13,1
11,12
13,3
11,11
11,10
11,9
11,8
11,7
11,6
11,5
11,4
11,3
11,2
11,1
10,316
10,315
10,314
10,313
10,312
10,288
10,280
10,278
10,265
10,260
10,132
10,117
10,1
10,12
10,3
10,2
